154,5
154,25
2,8
2,7
2,6
2,5
2,4
2,2
1,8
1,7
1,6
1,4
1,2
0,509
0,504
0,501
0,494
0,492
0,490
0,485
0,484
0,483
0,480
0,476
0,475
0,472
0,471
0,464
0,463
0,462
0,458
0,457
0,456
0,454
0,451
0,449
0,448
0,447
0,443
0,439
0,438
0,437
0,432
0,427
0,425
0,419
0,411
0,408
0,405
0,394
0,392
0,384
0,383
0,381
0,375
0,374
0,372
0,368
0,366
0,360
0,359
0,358
0,354
0,352
0,351
0,350
0,349
0,342
0,331
0,329
0,322
0,317
0,312
0,243
521,4
521,1
521,3
0,426
0,440
521,0
1,1
0,397
1,5
1,3
1,0
2,28
63,7
63,1
63,3
0,445
0,376
63,0
2,110
2,1
2,13
2,3
2,0
0,396
0,9
0,310
0,305
0,401
0,400
0,398
0,481
0,459
0,455
0,450
0,446
0,436
0,453
0,324
0,323
0,333
0,327
0,479
0,460
0,506
0,461
0,407
0,308
0,304
0,303
0,302
0,307
0,444
0,12
0,373
0,10
0,452
0,8
0,0
0,318
0,300
0,477
0,299
0,326
0,298
0,418
0,297
0,469
0,296
0,497
0,295
0,357
0,294
0,377
0,293
0,470
0,292
0,301
0,291
0,417
0,290
0,414
0,289
0,288
0,409
0,287
0,286
0,338
0,285
0,467
0,284
0,321
0,283
0,489
0,282
0,386
0,281
0,488
0,280
0,330
0,279
0,356
2,9
2,10
2,12
2,14
2,16
2,17
2,19
2,21
2,22
2,24
2,25
2,27
2,30
2,31
2,33
2,34
2,64
2,65
2,67
2,69
2,70
2,72
2,73
2,75
2,77
2,78
2,80
2,81
2,83
2,84
2,86
2,88
2,89
2,91
2,92
2,94
2,96
2,97
2,99
2,100
2,102
2,103
2,105
2,107
2,108
2,111
2,112
2,114
2,116
2,117
2,128
3,0
3,2
3,4
3,5
4,0
4,1
4,3
24,0
24,2
24,4
24,5
24,7
25,0
25,2
25,4
25,5
25,7
25,8
25,10
25,11
25,13
26,1
26,2
26,4
26,5
26,7
26,9
27,0
27,2
27,3
27,5
27,6
27,8
27,10
27,11
27,13
27,14
27,16
27,18
27,19
28,0
28,1
28,3
28,5
28,6
28,8
29,0
29,2
29,3
30,0
30,2
30,3
30,5
30,6
31,1
31,3
31,4
32,1
32,2
32,4
32,5
32,7
33,0
33,1
33,3
33,4
33,6
34,0
34,1
34,3
34,4
35,1
35,2
35,4
36,0
36,1
36,3
36,4
36,6
37,1
37,2
37,4
37,5
37,7
38,0
38,2
38,4
38,5
38,7
38,8
39,0
39,2
39,3
39,5
40,0
40,2
40,4
40,5
41,1
41,2
41,4
42,0
42,2
42,4
42,5
43,1
43,2
43,4
44,0
44,1
44,3
44,4
45,0
45,1
45,3
45,5
45,6
45,8
45,9
45,11
45,13
45,14
46,0
46,1
46,3
46,4
47,1
47,3
47,4
47,6
47,7
48,0
48,2
48,3
49,1
49,2
49,4
50,1
50,2
50,4
50,5
51,0
51,1
51,3
51,5
51,6
52,0
52,1
52,3
52,5
52,6
53,1
53,2
53,4
53,5
53,7
54,1
54,2
54,4
54,5
55,1
55,3
55,4
56,0
56,1
56,3
56,4
56,6
57,1
57,2
57,4
57,5
57,7
58,1
58,2
58,4
58,5
59,0
59,1
59,3
59,5
59,6
60,1
60,2
60,4
60,6
61,0
61,2
61,3
62,0
62,2
62,3
63,2
63,4
63,6
63,8
64,1
64,3
64,4
64,6
64,7
64,9
64,11
64,12
64,14
64,15
64,17
64,18
65,1
65,3
65,4
66,0
66,1
66,3
66,5
66,6
67,1
67,2
67,4
68,0
68,2
68,4
68,5
69,1
69,2
69,4
69,6
69,7
69,9
70,0
70,2
70,4
70,5
71,0
71,1
71,3
71,4
71,6
72,1
72,2
72,4
72,5
73,0
73,2
73,3
73,5
73,6
74,0
74,1
74,3
74,5
74,6
75,0
75,1
75,3
75,5
75,6
76,0
76,1
76,3
76,4
76,6
76,8
76,9
77,0
77,1
77,3
77,5
78,0
78,2
78,3
78,5
79,0
79,1
79,3
80,0
80,2
80,3
80,5
80,7
80,8
80,10
80,11
81,0
81,2
81,3
81,5
81,6
82,1
82,2
82,4
82,6
83,0
83,2
83,3
83,5
84,0
84,1
84,3
84,4
84,6
85,0
85,2
85,4
85,5
85,7
85,8
85,10
86,1
86,2
86,4
86,5
86,7
86,8
86,10
86,12
86,13
86,15
86,16
86,18
86,20
86,21
86,23
86,24
86,26
86,28
86,29
86,31
86,32
86,34
86,35
86,37
86,39
87,0
87,2
87,3
87,5
88,0
88,1
88,3
88,4
89,0
89,1
89,3
90,1
90,2
91,0
91,1
91,3
92,0
92,1
92,3
92,4
92,6
92,7
93,1
93,3
93,4
93,6
93,7
94,1
94,3
94,4
94,6
95,0
95,2
95,4
95,5
96,1
96,2
96,4
96,5
97,0
97,2
97,3
97,5
97,6
98,1
98,3
98,4
99,1
99,2
99,4
100,0
100,2
100,4
101,0
101,2
101,3
101,5
101,7
102,0
102,2
102,3
102,5
102,6
103,1
103,3
103,4
104,1
104,2
104,4
105,0
105,1
105,3
105,4
106,0
106,1
106,3
107,0
107,1
107,3
108,0
108,2
108,4
108,5
109,1
109,2
109,4
110,1
110,2
110,4
111,0
111,2
111,3
112,0
112,2
112,3
113,1
113,2
114,0
114,2
114,3
115,0
115,1
115,3
115,4
116,1
116,3
116,4
116,6
117,0
117,2
117,4
118,0
118,2
118,3
119,0
119,1
119,3
120,0
120,1
120,3
120,4
121,0
121,2
121,3
121,5
121,6
122,0
122,2
122,3
122,5
122,6
123,1
123,2
123,4
124,0
124,1
124,3
124,4
124,6
124,8
124,9
124,11
124,12
125,1
125,2
125,4
125,6
125,7
125,9
126,0
126,2
126,4
126,5
126,7
126,8
127,0
127,1
127,3
127,5
127,6
127,8
127,9
128,1
128,3
128,4
128,6
128,7
128,9
128,10
129,0
129,2
129,3
129,5
129,6
129,8
129,10
129,11
130,0
130,1
130,3
131,0
131,1
131,3
131,4
131,6
131,7
132,1
132,3
133,0
133,2
133,3
133,5
134,1
134,2
134,4
134,5
134,7
135,0
135,2
135,4
136,0
136,2
136,3
136,5
136,7
137,0
137,2
137,3
137,5
138,0
138,2
138,4
138,5
139,1
139,2
139,4
139,6
140,0
140,2
140,3
140,5
141,1
141,2
141,4
142,0
142,2
142,3
142,5
143,0
143,1
143,3
143,4
144,0
144,2
144,3
145,0
145,1
145,3
145,4
146,0
146,2
146,3
146,5
147,0
147,2
148,0
148,1
148,3
148,4
149,0
149,1
149,3
149,5
150,0
150,2
150,3
150,5
151,0
151,1
151,3
151,4
152,0
152,2
152,3
153,0
153,1
153,3
154,0
154,2
154,4
154,7
154,8
154,10
155,0
155,1
155,3
155,4
156,0
156,1
156,3
156,5
156,6
157,1
157,2
158,0
158,2
158,3
158,5
159,0
159,2
159,3
160,1
160,3
160,4
161,1
161,2
161,4
162,1
162,2
162,4
162,5
162,7
163,0
163,2
163,4
163,5
164,0
164,1
164,3
164,5
165,0
165,2
165,3
166,0
166,2
166,3
166,5
166,6
166,8
166,9
166,11
166,13
166,14
167,1
167,2
167,4
168,1
168,2
168,4
168,5
169,1
169,2
169,4
169,6
169,7
169,9
170,0
170,2
170,4
170,5
171,1
171,2
171,4
172,0
172,2
172,4
172,5
172,7
173,0
173,2
174,0
174,1
174,3
175,0
175,2
175,4
175,5
175,7
176,0
176,2
176,3
176,5
177,1
177,2
177,4
177,5
178,0
178,2
178,3
178,5
179,0
179,2
179,3
179,5
180,1
180,2
180,4
180,5
180,7
181,1
181,2
181,4
181,5
182,1
182,2
182,4
183,0
183,1
183,3
183,4
183,6
184,0
184,1
184,3
184,4
184,6
185,0
185,2
185,4
186,0
186,2
186,3
186,5
187,0
187,1
187,3
187,4
187,6
188,1
188,2
188,4
189,0
189,2
189,3
189,5
189,7
190,0
190,2
190,3
190,5
191,0
191,1
191,3
191,4
191,6
191,7
192,1
192,3
192,4
193,1
193,2
193,4
194,0
194,1
194,3
194,4
195,1
195,2
195,4
195,6
196,0
196,2
196,3
196,5
197,0
197,1
197,3
197,4
197,6
198,1
198,2
198,4
199,0
199,2
199,3
199,5
200,0
200,1
200,3
200,4
201,0
201,2
201,3
201,5
201,6
202,0
202,1
202,3
202,5
202,6
203,1
203,2
203,4
204,1
204,2
204,4
204,5
205,1
205,2
205,4
206,1
206,2
206,4
206,5
206,7
207,1
207,2
207,4
207,5
208,1
208,2
208,4
208,6
208,7
209,1
209,2
209,4
209,6
209,7
210,0
210,1
210,3
210,5
210,6
211,0
211,1
211,3
211,4
212,0
212,2
212,3
212,5
212,6
213,1
213,3
213,4
213,6
214,0
214,2
214,3
214,5
215,0
215,1
215,3
215,4
216,0
216,2
216,3
216,5
217,0
217,2
217,3
217,5
218,1
218,2
218,4
218,5
219,1
219,3
219,4
219,6
219,7
220,1
220,3
220,4
221,0
221,1
221,3
221,4
221,6
222,1
222,2
222,4
222,5
222,7
223,0
223,1
223,3
223,4
224,0
224,1
224,3
225,1
225,2
225,4
225,5
226,1
226,3
226,4
226,6
227,0
227,2
227,3
227,5
228,0
228,1
228,3
228,4
229,0
229,2
229,3
229,5
230,0
230,2
230,4
230,5
231,0
231,1
231,3
231,4
232,0
232,2
232,3
232,5
233,0
233,2
233,4
233,5
234,0
234,1
234,3
234,4
235,0
235,2
235,3
235,5
235,6
236,1
236,3
236,4
237,0
237,1
237,3
237,4
237,6
238,1
238,2
238,4
238,5
239,1
239,3
239,4
239,6
240,0
240,2
240,3
240,5
241,1
241,2
241,4
241,5
242,1
242,3
242,4
242,6
242,7
242,9
243,1
243,2
243,4
244,0
244,2
244,3
244,5
245,1
245,2
245,4
245,5
246,1
246,3
246,4
247,0
247,1
247,3
247,4
248,1
248,3
248,4
248,6
248,7
249,0
249,2
249,3
250,0
250,1
250,3
250,4
251,1
251,3
251,4
251,6
251,7
252,1
252,3
252,4
253,1
253,2
253,4
253,6
254,0
254,2
254,3
254,5
254,6
255,1
255,3
255,4
255,6
256,0
256,2
256,4
256,5
256,7
257,0
257,2
257,3
257,5
257,7
258,0
258,2
258,3
258,5
259,0
259,1
259,3
259,4
259,6
259,7
260,1
260,3
261,0
261,2
261,3
262,0
262,2
262,3
263,0
263,1
263,3
263,4
264,1
264,3
264,4
265,0
265,1
265,3
265,5
266,0
266,2
266,3
267,0
267,2
267,3
268,0
268,1
268,3
268,4
269,0
269,2
269,3
269,5
269,6
270,1
270,3
271,0
271,2
271,3
272,0
272,1
272,3
273,0
273,1
273,3
273,4
274,1
274,3
275,0
275,2
275,3
275,5
275,6
276,1
276,3
277,0
277,2
277,3
278,1
278,3
279,0
279,2
279,3
280,0
280,2
280,3
281,1
281,2
281,4
281,5
282,1
282,3
282,4
283,1
283,2
283,4
284,1
284,2
284,4
285,0
285,2
285,3
285,5
286,0
286,1
286,3
286,4
287,1
287,3
287,4
288,1
288,2
288,4
289,0
289,2
289,4
290,0
290,2
290,3
291,0
291,2
291,3
292,0
292,1
292,3
292,4
293,1
293,3
293,4
294,1
294,2
294,4
295,1
295,2
295,4
296,0
296,2
296,4
297,0
297,2
297,3
298,0
298,1
298,3
299,0
299,1
299,3
299,4
300,0
300,2
300,3
301,0
301,1
301,3
301,4
302,0
302,2
302,3
303,0
303,1
303,3
304,0
304,1
304,3
304,4
305,1
305,2
305,4
306,1
306,2
306,4
306,5
307,0
307,2
307,3
307,5
307,6
307,8
308,1
308,2
308,4
308,5
308,7
309,0
309,2
309,4
309,5
309,7
310,0
310,2
310,4
310,5
311,1
311,2
311,4
311,5
312,0
312,2
312,3
312,5
312,6
313,1
313,3
314,0
314,2
314,3
314,5
314,6
314,8
315,1
315,2
315,4
315,5
315,7
316,1
316,2
316,4
317,0
317,2
317,4
318,0
318,2
318,3
319,0
319,1
319,3
320,0
320,1
320,3
320,4
320,6
321,1
321,2
321,4
322,0
322,2
322,3
322,5
323,1
323,2
323,4
323,5
324,1
324,3
324,4
325,0
325,1
325,3
325,4
326,1
326,3
326,4
327,1
327,2
327,4
328,0
328,1
328,3
328,4
328,6
329,0
329,2
329,4
329,5
330,1
330,2
330,4
330,6
331,0
331,2
331,3
331,5
332,0
332,1
332,3
332,4
333,0
333,1
333,3
334,0
334,1
334,3
334,4
335,1
335,3
335,4
335,6
335,7
336,1
336,2
336,4
336,6
336,7
336,9
337,0
337,2
337,4
337,5
338,0
338,1
338,3
338,4
338,6
339,1
339,2
339,4
339,5
340,0
340,2
340,3
340,5
340,6
341,0
341,2
341,3
342,0
342,1
342,3
342,4
342,6
343,0
343,1
343,3
343,4
343,6
344,1
344,2
344,4
345,0
345,2
345,3
345,5
346,0
346,1
346,3
346,4
347,1
347,3
347,4
348,1
348,2
348,4
348,5
349,1
349,3
350,0
350,2
350,3
351,0
351,2
351,3
351,5
351,6
351,8
352,0
352,2
352,4
352,5
353,1
353,2
353,4
354,1
354,2
354,4
355,0
355,2
355,4
356,0
356,2
356,3
357,0
357,1
357,3
357,5
358,0
358,2
358,3
358,5
358,7
359,0
359,2
359,3
359,5
360,0
360,2
360,4
360,5
361,1
361,2
361,4
361,6
362,0
362,2
362,3
362,5
362,6
363,1
363,3
363,4
364,1
364,2
364,4
365,1
365,2
365,4
365,5
366,0
366,2
366,3
367,0
367,1
367,3
367,4
367,6
368,0
368,1
368,3
368,4
369,1
369,3
369,4
370,0
370,1
370,3
370,4
371,0
371,2
371,3
371,5
372,0
372,2
372,4
373,0
373,2
373,3
374,0
374,1
374,3
375,0
375,1
375,3
375,4
376,0
376,2
376,3
376,5
376,6
377,1
377,2
377,4
378,0
378,1
378,3
378,4
379,1
379,3
379,4
379,6
380,0
380,2
380,4
380,5
380,7
380,8
381,1
381,2
381,4
382,0
382,1
382,3
382,4
383,1
383,3
383,4
384,1
384,2
384,4
384,5
385,1
385,3
385,4
386,1
386,2
386,4
387,1
387,2
387,4
388,0
388,2
388,3
388,5
389,1
389,2
389,4
389,5
390,0
390,2
390,3
390,5
391,0
391,2
391,4
391,5
392,0
392,1
392,3
392,4
393,0
393,2
393,3
393,5
393,6
394,1
394,3
394,4
395,0
395,1
395,3
395,4
396,0
396,2
396,3
397,0
397,1
397,3
397,5
397,6
398,1
398,2
398,4
399,0
399,2
399,4
400,0
400,2
400,3
401,0
401,2
401,3
401,5
402,0
402,2
402,4
402,5
403,1
403,2
403,4
404,0
404,2
404,4
405,0
405,2
405,3
405,5
406,1
406,2
407,0
407,1
407,3
407,4
408,1
408,3
408,4
408,6
409,0
409,2
409,4
409,5
410,0
410,1
410,3
410,4
411,0
411,2
411,3
411,5
411,6
412,1
412,3
412,4
413,0
413,1
413,3
413,4
413,6
413,8
414,0
414,2
414,3
415,0
415,2
415,3
416,0
416,1
416,3
416,5
416,6
417,1
417,2
417,4
417,5
418,0
418,2
418,3
418,5
418,6
419,1
419,3
419,4
420,1
420,2
420,4
420,5
421,1
421,3
421,4
422,1
422,2
422,4
423,1
423,2
423,4
423,5
424,0
424,1
424,3
424,5
425,0
425,2
425,3
426,0
426,2
426,3
426,5
427,0
427,2
427,4
427,5
428,0
428,1
428,3
428,4
429,0
429,2
429,3
429,5
429,6
430,1
430,3
430,4
431,0
431,1
431,3
431,4
431,6
432,1
432,2
432,4
432,5
432,7
433,0
433,1
433,3
433,4
434,1
434,2
434,4
434,6
435,0
435,2
435,3
435,5
436,1
436,2
436,4
437,0
437,2
437,3
438,0
438,2
438,3
438,5
438,6
439,0
439,2
439,3
440,1
440,2
440,4
441,0
441,1
441,3
441,4
442,1
442,2
442,4
442,6
443,0
443,2
443,3
444,0
444,2
444,3
445,0
445,1
445,3
445,4
446,1
446,3
446,4
446,6
446,7
447,1
447,3
447,4
449,1
449,2
449,4
449,5
449,7
449,9
450,0
450,2
450,3
451,1
451,3
452,0
452,2
452,3
453,1
453,3
454,0
454,2
454,3
455,1
455,2
456,0
456,2
456,3
457,1
457,2
458,0
458,2
458,3
459,1
459,2
460,0
460,1
460,3
461,1
461,2
461,4
461,5
462,0
462,2
462,3
463,0
463,1
463,3
463,4
463,6
463,8
463,9
463,11
464,0
464,2
464,4
464,5
465,0
465,1
465,3
465,4
465,6
466,1
466,2
466,4
467,0
467,2
467,4
467,5
468,1
468,2
468,4
468,6
469,0
469,2
469,3
469,5
470,0
470,2
470,4
470,5
471,1
471,2
471,4
472,1
472,2
472,4
472,5
473,1
473,2
474,0
474,2
474,3
474,5
474,6
475,0
475,2
475,3
476,1
476,2
477,0
477,1
477,3
477,5
477,6
478,1
478,2
478,4
478,6
479,0
479,2
479,3
480,0
480,2
480,3
480,5
480,6
481,0
481,1
481,3
482,1
482,2
482,4
483,0
483,2
483,4
483,5
522,0
522,1
522,4
522,5
522,7
522,9
522,10
522,19
522,39
522,51
522,54
522,57
522,66
523,0
523,1
522,129
522,73
522,79
522,85
25,14
25,22
154,15
25,17
24,9
522,84
522,77
522,24
154,17
154,14
154,20
154,21
154,23
522,55
522,82
521,2
154,22
154,19
166,15
154,24
522,81
154,18
25,16
522,70
522,76
522,72
523,3
522,64
522,53
522,48
522,11
522,8
522,6
522,3
483,6
483,3
483,1
482,3
482,0
481,2
480,7
480,4
480,1
479,4
479,1
478,5
478,3
478,0
477,4
477,2
476,3
476,0
475,1
474,7
474,4
474,1
473,3
473,0
472,3
472,0
471,3
471,0
470,3
470,1
469,4
469,1
468,5
468,3
468,0
467,3
467,1
466,3
466,0
465,5
465,2
464,6
464,3
464,1
463,10
463,7
463,5
463,2
462,4
462,1
461,6
461,3
461,0
460,2
459,3
459,0
458,1
457,3
457,0
456,1
455,3
455,0
454,1
453,2
453,0
452,1
451,2
451,0
450,1
449,8
449,6
449,3
449,0
447,2
447,0
446,5
446,2
446,0
445,2
444,4
444,1
443,4
443,1
442,5
442,3
442,0
441,2
440,5
440,3
440,0
439,1
438,7
438,4
438,1
437,4
437,1
436,3
436,0
435,4
435,1
434,5
434,3
434,0
433,2
432,8
432,6
432,3
432,0
431,5
431,2
430,5
430,2
430,0
429,4
429,1
428,5
428,2
427,6
427,3
427,1
426,4
426,1
425,4
425,1
424,4
424,2
423,6
423,3
423,0
422,3
422,0
421,2
421,0
420,3
420,0
419,2
419,0
418,4
418,1
417,6
417,3
417,0
416,4
416,2
415,4
415,1
414,4
414,1
413,7
413,5
413,2
412,5
412,2
412,0
411,4
411,1
410,5
410,2
409,6
409,3
409,1
408,5
408,2
408,0
407,2
406,3
406,0
405,4
405,1
404,3
404,1
403,3
403,0
402,3
402,1
401,4
401,1
400,4
400,1
399,3
399,1
398,3
398,0
397,4
397,2
396,4
396,1
395,5
395,2
394,5
394,2
394,0
393,4
393,1
392,5
392,2
391,6
391,3
391,1
390,4
390,1
389,6
389,3
389,0
388,4
388,1
387,3
387,0
386,3
386,0
385,2
385,0
384,3
384,0
383,2
383,0
382,2
381,5
381,3
381,0
380,6
380,3
380,1
379,5
379,2
379,0
378,2
377,5
377,3
377,0
376,4
376,1
375,5
375,2
374,4
374,2
373,4
373,1
372,3
372,1
371,4
371,1
370,5
370,2
369,5
369,2
369,0
368,2
367,7
367,5
367,2
366,4
366,1
365,6
365,3
365,0
364,3
364,0
363,2
363,0
362,4
362,1
361,5
361,3
361,0
360,3
360,1
359,4
359,1
358,6
358,4
358,1
357,4
357,2
356,4
356,1
355,3
355,1
354,3
354,0
353,3
353,0
352,3
352,1
351,7
351,4
351,1
350,4
350,1
349,2
349,0
348,3
348,0
347,2
347,0
346,2
345,6
345,4
345,1
344,3
344,0
343,5
343,2
342,7
342,5
342,2
341,4
341,1
340,7
340,4
340,1
339,6
339,3
339,0
338,5
338,2
337,6
337,3
337,1
336,8
336,5
336,3
336,0
335,5
335,2
335,0
334,2
333,4
333,2
332,5
332,2
331,6
331,4
331,1
330,5
330,3
330,0
329,3
329,1
328,5
328,2
327,5
327,3
327,0
326,2
326,0
325,2
324,5
324,2
324,0
323,3
323,0
322,4
322,1
321,3
321,0
320,5
320,2
319,4
319,2
318,4
318,1
317,3
317,1
316,3
316,0
315,6
315,3
315,0
314,7
314,4
314,1
313,2
313,0
312,4
312,1
311,6
311,3
311,0
310,3
310,1
309,6
309,3
309,1
308,6
308,3
308,0
307,7
307,4
307,1
306,6
306,3
306,0
305,3
305,0
304,2
303,4
303,2
302,4
302,1
301,5
301,2
300,4
300,1
299,5
299,2
298,4
298,2
297,4
297,1
296,3
296,1
295,3
295,0
294,3
294,0
293,2
293,0
292,2
291,4
291,1
290,4
290,1
289,3
289,1
288,3
288,0
287,2
287,0
286,2
285,6
285,4
285,1
284,3
284,0
283,3
283,0
282,2
282,0
281,3
281,0
280,1
279,4
279,1
278,2
278,0
277,1
276,2
276,0
275,4
275,1
274,2
274,0
273,2
272,4
272,2
271,4
271,1
270,2
270,0
269,4
269,1
268,5
268,2
267,4
267,1
266,4
266,1
265,4
265,2
264,5
264,2
264,0
263,2
262,4
262,1
261,4
261,1
260,2
260,0
259,5
259,2
258,6
258,4
258,1
257,6
257,4
257,1
256,6
256,3
256,1
255,5
255,2
255,0
254,4
254,1
253,5
253,3
253,0
252,2
252,0
251,5
251,2
251,0
250,2
249,4
249,1
248,8
248,5
248,2
248,0
247,2
246,5
246,2
246,0
245,3
245,0
244,4
244,1
243,3
243,0
242,8
242,5
242,2
242,0
241,3
241,0
240,4
240,1
239,5
239,2
239,0
238,3
238,0
237,5
237,2
236,5
236,2
236,0
235,4
235,1
234,5
234,2
233,6
233,3
233,1
232,4
232,1
231,5
231,2
230,6
230,3
230,1
229,4
229,1
228,5
228,2
227,6
227,4
227,1
226,5
226,2
226,0
225,3
225,0
224,2
223,5
223,2
222,8
222,6
222,3
222,0
221,5
221,2
220,5
220,2
220,0
219,5
219,2
219,0
218,3
218,0
217,4
217,1
216,4
216,1
215,5
215,2
214,6
214,4
214,1
213,5
213,2
213,0
212,4
212,1
211,5
211,2
210,7
210,4
210,2
209,8
209,5
209,3
209,0
208,5
208,3
208,0
207,3
207,0
206,6
206,3
206,0
205,3
205,0
204,3
204,0
203,3
203,0
202,4
202,2
201,7
201,4
201,1
200,5
200,2
199,6
199,4
199,1
198,3
198,0
197,5
197,2
196,6
196,4
196,1
195,5
195,3
195,0
194,2
193,5
193,3
193,0
192,2
192,0
191,5
191,2
190,6
190,4
190,1
189,6
189,4
189,1
188,3
188,0
187,5
187,2
186,6
186,4
186,1
185,3
185,1
184,5
184,2
183,7
183,5
183,2
182,5
182,3
182,0
181,3
181,0
180,6
180,3
180,0
179,4
179,1
178,4
178,1
177,6
177,3
177,0
176,4
176,1
175,6
175,3
175,1
174,2
173,3
173,1
172,6
172,3
172,1
171,3
171,0
170,3
170,1
169,8
169,5
169,3
169,0
168,3
168,0
167,3
167,0
166,12
166,10
166,7
166,4
166,1
165,4
165,1
164,4
164,2
163,6
163,3
163,1
162,6
162,3
162,0
161,3
161,0
160,2
160,0
159,1
158,4
158,1
157,3
157,0
156,4
156,2
155,5
155,2
154,11
154,9
154,6
154,3
154,1
153,2
152,4
152,1
151,5
151,2
150,6
150,4
150,1
149,4
149,2
148,5
148,2
147,3
147,1
146,4
146,1
145,5
145,2
144,4
144,1
143,5
143,2
142,6
142,4
142,1
141,3
141,0
140,4
140,1
139,5
139,3
139,0
138,3
138,1
137,4
137,1
136,6
136,4
136,1
135,3
135,1
134,6
134,3
134,0
133,4
133,1
132,2
132,0
131,5
131,2
130,4
130,2
129,12
129,9
129,7
129,4
129,1
128,11
128,8
128,5
128,2
128,0
127,7
127,4
127,2
126,9
126,6
126,3
126,1
125,8
125,5
125,3
125,0
124,10
124,7
124,5
124,2
123,5
123,3
123,0
122,4
122,1
121,7
121,4
121,1
120,5
120,2
119,4
119,2
118,4
118,1
117,3
117,1
116,5
116,2
116,0
115,2
114,4
114,1
113,3
113,0
112,1
111,4
111,1
110,3
110,0
109,3
109,0
108,3
108,1
107,2
106,4
106,2
105,5
105,2
104,5
104,3
104,0
103,2
103,0
102,4
102,1
101,6
101,4
101,1
100,3
100,1
99,3
99,0
98,2
98,0
97,4
97,1
96,6
96,3
96,0
95,3
95,1
94,5
94,2
94,0
93,5
93,2
93,0
92,5
92,2
91,4
91,2
90,3
90,0
89,2
88,5
88,2
87,6
87,4
87,1
86,38
86,36
86,33
86,30
86,27
86,25
86,22
86,19
86,17
86,14
86,11
86,9
86,6
86,3
86,0
85,9
85,6
85,3
85,1
84,5
84,2
83,6
83,4
83,1
82,5
82,3
82,0
81,4
81,1
80,12
80,9
80,6
80,4
80,1
79,2
78,6
78,4
78,1
77,4
77,2
76,10
76,7
76,5
76,2
75,7
75,4
75,2
74,7
74,4
74,2
73,7
73,4
73,1
72,6
72,3
72,0
71,5
71,2
70,6
70,3
70,1
69,8
69,5
69,3
69,0
68,3
68,1
67,3
67,0
66,4
66,2
65,5
65,2
65,0
64,16
64,13
64,10
64,8
64,5
64,2
64,0
63,5
62,4
62,1
61,4
61,1
60,5
60,3
60,0
59,4
59,2
58,6
58,3
58,0
57,6
57,3
57,0
56,5
56,2
55,5
55,2
55,0
54,3
54,0
53,6
53,3
53,0
52,4
52,2
51,7
51,4
51,2
50,6
50,3
50,0
49,3
49,0
48,1
47,8
47,5
47,2
47,0
46,2
45,15
45,12
45,10
45,7
45,4
45,2
44,5
44,2
43,5
43,3
43,0
42,3
42,1
41,3
41,0
40,3
40,1
39,4
39,1
38,9
38,6
38,3
38,1
37,6
37,3
37,0
36,5
36,2
35,5
35,3
35,0
34,2
33,7
33,5
33,2
32,8
32,6
32,3
32,0
31,2
31,0
30,4
30,1
29,4
29,1
28,7
28,4
28,2
27,20
27,17
27,15
27,12
27,9
27,7
27,4
27,1
26,8
26,6
26,3
26,0
25,12
25,9
25,6
25,3
25,1
24,6
24,3
24,1
4,2
3,6
3,3
3,1
2,118
2,115
2,113
2,109
2,106
2,104
2,101
2,98
2,95
2,93
2,90
2,87
2,85
2,82
2,79
2,76
2,74
2,71
2,68
2,66
2,35
2,32
2,29
2,26
2,23
2,20
2,18
2,15
2,11
0,278
0,410
0,277
0,487
0,276
0,406
0,275
0,382
0,274
0,413
0,273
0,404
0,272
0,474
0,271
0,270
0,348
0,269
0,442
0,268
0,403
0,267
0,347
0,266
0,320
0,265
0,391
0,264
0,345
0,263
0,371
0,262
0,316
0,261
0,344
0,260
0,393
0,259
0,465
0,258
0,332
0,257
0,510
0,256
0,255
0,353
0,254
0,369
0,253
0,325
0,252
0,315
0,251
0,361
0,250
0,249
0,431
0,248
0,370
0,247
0,441
0,246
0,424
0,245
0,390
0,244
0,313
0,242
0,430
0,241
0,340
0,240
0,421
0,239
0,380
0,238
0,367
0,237
0,499
0,236
0,482
0,235
0,346
0,234
0,233
0,389
0,232
0,412
0,231
0,466
0,230
0,363
0,229
0,385
0,228
0,388
0,227
0,415
0,226
0,387
0,225
0,224
0,339
0,223
0,429
0,222
0,364
0,221
0,337
0,220
0,502
0,219
0,486
0,218
0,314
0,217
0,216
0,434
0,215
0,420
0,214
0,508
0,213
0,335
0,212
0,211
0,428
0,210
0,309
0,209
0,208
0,306
0,207
0,379
0,206
0,507
0,205
0,511
0,204
0,433
0,203
0,319
0,202
0,343
0,201
0,402
0,200
0,423
0,199
0,336
0,198
0,478
0,197
0,503
0,196
0,365
0,195
0,378
0,194
0,496
0,193
0,362
0,192
0,498
0,63
0,495
0,62
0,334
0,61
0,355
0,60
0,468
0,59
0,311
0,58
0,422
0,57
0,328
0,56
0,493
0,55
0,341
0,54
0,53
0,491
0,52
0,51
0,50
0,399
0,49
0,505
0,48
0,473
0,47
0,395
0,46
0,500
0,45
0,416
0,6
0,5
0,1
0,435
0,11
0,4
0,2
0,3
0,7
